diary on
A=[1,1,2;1,1,-1;-1,1,1]

A =

     1     1     2
     1     1    -1
    -1     1     1

b=[9,2,4]

b =

     9     2     4

c=[1,1,-4]

c =

     1     1    -4

[x0,z0,ban,iter]= mSimplexFaseII(A, b, c)

x0 =

    0.3333         0    4.3333


z0 =

   -17


ban =

     0


iter =

     2

diary off
