diary on
A=[1,0;0,2;3,2]

A =

     1     0
     0     2
     3     2

b=[4,12,18]

b =

     4    12    18

c=[-3,-5]

c =

    -3    -5

[x0,z0,ban,iter]= mSimplexFaseII(A, b, c)

x0 =

     2     6


z0 =

   -36


ban =

     0


iter =

     3

diary off
